{
  "accessors": [
    {
      "bufferView": 2,
      "componentType": 5126,
      "count": 65532,
      "max": [
        348.0643310546875,
        343.49655151367188,
        570.18817138671875
      ],
      "min": [
        -272.51373291015625,
        -371.5362548828125,
        -428.6580810546875
      ],
      "type": "VEC3"
    },
    {
      "bufferView": 2,
      "byteOffset": 786384,
      "componentType": 5126,
      "count": 65532,
      "max": [
        0.99999904632568359,
        0.9999920129776001,
        0.99999856948852539
      ],
      "min": [
        -0.99997156858444214,
        -0.99987387657165527,
        -0.99984908103942871
      ],
      "type": "VEC3"
    },
    {
      "bufferView": 3,
      "componentType": 5126,
      "count": 65532,
      "max": [
        0.99999850988388062,
        0.99991858005523682,
        0.99999332427978516,
        1
      ],
      "min": [
        -0.99998438358306885,
        -0.99999821186065674,
        -0.64697659015655518,
        1
      ],
      "type": "VEC4"
    },
    {
      "bufferView": 1,
      "componentType": 5126,
      "count": 65532,
      "max": [
        0.99902689456939697,
        0.99914467334747314
      ],
      "min": [
        0.013304880820214748,
        0.00045037269592285156
      ],
      "type": "VEC2"
    },
    {
      "bufferView": 0,
      "componentType": 5125,
      "count": 303549,
      "max": [
        65531
      ],
      "min": [
        0
      ],
      "type": "SCALAR"
    },
    {
      "bufferView": 2,
      "byteOffset": 1572768,
      "componentType": 5126,
      "count": 65532,
      "max": [
        348.58743286132812,
        344.44601440429688,
        533.69134521484375
      ],
      "min": [
        -304.26126098632812,
        -371.35025024414062,
        -428.81195068359375
      ],
      "type": "VEC3"
    },
    {
      "bufferView": 2,
      "byteOffset": 2359152,
      "componentType": 5126,
      "count": 65532,
      "max": [
        0.99994397163391113,
        0.99999397993087769,
        0.99999982118606567
      ],
      "min": [
        -0.9999811053276062,
        -0.99996793270111084,
        -0.99807000160217285
      ],
      "type": "VEC3"
    },
    {
      "bufferView": 3,
      "byteOffset": 1048512,
      "componentType": 5126,
      "count": 65532,
      "max": [
        0.99999785423278809,
        0.99996805191040039,
        0.99999243021011353,
        1
      ],
      "min": [
        -0.99999630451202393,
        -0.99999803304672241,
        -0.78129357099533081,
        -1
      ],
      "type": "VEC4"
    },
    {
      "bufferView": 1,
      "byteOffset": 524256,
      "componentType": 5126,
      "count": 65532,
      "max": [
        1,
        0.99595528841018677
      ],
      "min": [
        0,
        0
      ],
      "type": "VEC2"
    },
    {
      "bufferView": 0,
      "byteOffset": 1214196,
      "componentType": 5125,
      "count": 296169,
      "max": [
        65531
      ],
      "min": [
        0
      ],
      "type": "SCALAR"
    },
    {
      "bufferView": 2,
      "byteOffset": 3145536,
      "componentType": 5126,
      "count": 65532,
      "max": [
        348.69424438476562,
        344.86312866210938,
        571.0614013671875
      ],
      "min": [
        -304.20953369140625,
        -371.43350219726562,
        -428.6187744140625
      ],
      "type": "VEC3"
    },
    {
      "bufferView": 2,
      "byteOffset": 3931920,
      "componentType": 5126,
      "count": 65532,
      "max": [
        1,
        0.99998170137405396,
        1
      ],
      "min": [
        -0.99998128414154053,
        -0.99997979402542114,
        -0.99994909763336182
      ],
      "type": "VEC3"
    },
    {
      "bufferView": 3,
      "byteOffset": 2097024,
      "componentType": 5126,
      "count": 65532,
      "max": [
        0.9999920129776001,
        0.99997901916503906,
        0.99998170137405396,
        1
      ],
      "min": [
        -0.99999755620956421,
        -1,
        -0.77705293893814087,
        -1
      ],
      "type": "VEC4"
    },
    {
      "bufferView": 1,
      "byteOffset": 1048512,
      "componentType": 5126,
      "count": 65532,
      "max": [
        1,
        0.99987369775772095
      ],
      "min": [
        0.00043195261969231069,
        0
      ],
      "type": "VEC2"
    },
    {
      "bufferView": 0,
      "byteOffset": 2398872,
      "componentType": 5125,
      "count": 285153,
      "max": [
        65531
      ],
      "min": [
        0
      ],
      "type": "SCALAR"
    },
    {
      "bufferView": 2,
      "byteOffset": 4718304,
      "componentType": 5126,
      "count": 65532,
      "max": [
        349.09982299804688,
        343.58090209960938,
        571.18804931640625
      ],
      "min": [
        -304.26126098632812,
        -371.83038330078125,
        -428.49917602539062
      ],
      "type": "VEC3"
    },
    {
      "bufferView": 2,
      "byteOffset": 5504688,
      "componentType": 5126,
      "count": 65532,
      "max": [
        1,
        0.99998342990875244,
        0.99999922513961792
      ],
      "min": [
        -0.99997794628143311,
        -0.99999064207077026,
        -0.99993860721588135
      ],
      "type": "VEC3"
    },
    {
      "bufferView": 3,
      "byteOffset": 3145536,
      "componentType": 5126,
      "count": 65532,
      "max": [
        0.99998337030410767,
        0.99999570846557617,
        0.99999243021011353,
        1
      ],
      "min": [
        -1,
        -1,
        -0.74555033445358276,
        -1
      ],
      "type": "VEC4"
    },
    {
      "bufferView": 1,
      "byteOffset": 1572768,
      "componentType": 5126,
      "count": 65532,
      "max": [
        1,
        0.99986392259597778
      ],
      "min": [
        0,
        0
      ],
      "type": "VEC2"
    },
    {
      "bufferView": 0,
      "byteOffset": 3539484,
      "componentType": 5125,
      "count": 251043,
      "max": [
        65531
      ],
      "min": [
        0
      ],
      "type": "SCALAR"
    },
    {
      "bufferView": 2,
      "byteOffset": 6291072,
      "componentType": 5126,
      "count": 65532,
      "max": [
        348.62466430664062,
        344.11929321289062,
        563.732177734375
      ],
      "min": [
        -304.25759887695312,
        -371.83038330078125,
        -428.6580810546875
      ],
      "type": "VEC3"
    },
    {
      "bufferView": 2,
      "byteOffset": 7077456,
      "componentType": 5126,
      "count": 65532,
      "max": [
        0.99999493360519409,
        0.9999920129776001,
        1
      ],
      "min": [
        -0.99997788667678833,
        -0.99996793270111084,
        -0.9999358057975769
      ],
      "type": "VEC3"
    },
    {
      "bufferView": 3,
      "byteOffset": 4194048,
      "componentType": 5126,
      "count": 65532,
      "max": [
        0.99999850988388062,
        0.99996805191040039,
        0.99998724460601807,
        1
      ],
      "min": [
        -0.99999761581420898,
        -0.99999725818634033,
        -0.77659720182418823,
        -1
      ],
      "type": "VEC4"
    },
    {
      "bufferView": 1,
      "byteOffset": 2097024,
      "componentType": 5126,
      "count": 65532,
      "max": [
        1,
        0.99991154670715332
      ],
      "min": [
        0,
        0
      ],
      "type": "VEC2"
    },
    {
      "bufferView": 0,
      "byteOffset": 4543656,
      "componentType": 5125,
      "count": 204363,
      "max": [
        65531
      ],
      "min": [
        0
      ],
      "type": "SCALAR"
    },
    {
      "bufferView": 2,
      "byteOffset": 7863840,
      "componentType": 5126,
      "count": 26622,
      "max": [
        349.09982299804688,
        343.65609741210938,
        571.18804931640625
      ],
      "min": [
        -303.29156494140625,
        -371.5362548828125,
        -428.6580810546875
      ],
      "type": "VEC3"
    },
    {
      "bufferView": 2,
      "byteOffset": 8183304,
      "componentType": 5126,
      "count": 26622,
      "max": [
        0.99994075298309326,
        0.99997514486312866,
        0.99999958276748657
      ],
      "min": [
        -1,
        -0.99987387657165527,
        -0.99984908103942871
      ],
      "type": "VEC3"
    },
    {
      "bufferView": 3,
      "byteOffset": 5242560,
      "componentType": 5126,
      "count": 26622,
      "max": [
        0.99999630451202393,
        0.99960070848464966,
        0.99997776746749878,
        1
      ],
      "min": [
        -0.99989724159240723,
        -0.99995797872543335,
        -0.70530736446380615,
        -1
      ],
      "type": "VEC4"
    },
    {
      "bufferView": 1,
      "byteOffset": 2621280,
      "componentType": 5126,
      "count": 26622,
      "max": [
        1,
        0.99989151954650879
      ],
      "min": [
        0,
        0
      ],
      "type": "VEC2"
    },
    {
      "bufferView": 0,
      "byteOffset": 5361108,
      "componentType": 5125,
      "count": 68556,
      "max": [
        26621
      ],
      "min": [
        0
      ],
      "type": "SCALAR"
    }
  ],
  "asset": {
    "extras": {
      "author": "jety_fr (https://sketchfab.com/jety_fr)",
      "license": "CC-BY-4.0 (http://creativecommons.org/licenses/by/4.0/)",
      "source": "https://sketchfab.com/models/862583f09a6b4c9d89f64974b015468d",
      "title": "3DF Zephyr Example #0"
    },
    "generator": "Sketchfab-3.20.7",
    "version": "2.0"
  },
  "bufferViews": [
    {
      "buffer": 0,
      "byteLength": 5635332,
      "byteOffset": 0,
      "name": "floatBufferViews",
      "target": 34963
    },
    {
      "buffer": 0,
      "byteLength": 2834256,
      "byteOffset": 5635332,
      "byteStride": 8,
      "name": "floatBufferViews",
      "target": 34962
    },
    {
      "buffer": 0,
      "byteLength": 8502768,
      "byteOffset": 8469588,
      "byteStride": 12,
      "name": "floatBufferViews",
      "target": 34962
    },
    {
      "buffer": 0,
      "byteLength": 5668512,
      "byteOffset": 16972356,
      "byteStride": 16,
      "name": "floatBufferViews",
      "target": 34962
    }
  ],
  "buffers": [
    {
      "byteLength": 22640868,
      "uri": "scene.bin"
    }
  ],
  "images": [
    {
      "uri": "textures/Material_baseColor.png"
    }
  ],
  "materials": [
    {
      "doubleSided": true,
      "emissiveFactor": [
        0,
        0,
        0
      ],
      "name": "Material",
      "pbrMetallicRoughness": {
        "baseColorFactor": [
          1,
          1,
          1,
          1
        ],
        "baseColorTexture": {
          "index": 0,
          "texCoord": 0
        },
        "metallicFactor": 0,
        "roughnessFactor": 0.98318207170000005
      }
    }
  ],
  "meshes": [
    {
      "name": "_Material_0",
      "primitives": [
        {
          "attributes": {
            "NORMAL": 1,
            "POSITION": 0,
            "TANGENT": 2,
            "TEXCOORD_0": 3
          },
          "indices": 4,
          "material": 0,
          "mode": 4
        }
      ]
    },
    {
      "name": "_Material_0",
      "primitives": [
        {
          "attributes": {
            "NORMAL": 6,
            "POSITION": 5,
            "TANGENT": 7,
            "TEXCOORD_0": 8
          },
          "indices": 9,
          "material": 0,
          "mode": 4
        }
      ]
    },
    {
      "name": "_Material_0",
      "primitives": [
        {
          "attributes": {
            "NORMAL": 11,
            "POSITION": 10,
            "TANGENT": 12,
            "TEXCOORD_0": 13
          },
          "indices": 14,
          "material": 0,
          "mode": 4
        }
      ]
    },
    {
      "name": "_Material_0",
      "primitives": [
        {
          "attributes": {
            "NORMAL": 16,
            "POSITION": 15,
            "TANGENT": 17,
            "TEXCOORD_0": 18
          },
          "indices": 19,
          "material": 0,
          "mode": 4
        }
      ]
    },
    {
      "name": "_Material_0",
      "primitives": [
        {
          "attributes": {
            "NORMAL": 21,
            "POSITION": 20,
            "TANGENT": 22,
            "TEXCOORD_0": 23
          },
          "indices": 24,
          "material": 0,
          "mode": 4
        }
      ]
    },
    {
      "name": "_Material_0",
      "primitives": [
        {
          "attributes": {
            "NORMAL": 26,
            "POSITION": 25,
            "TANGENT": 27,
            "TEXCOORD_0": 28
          },
          "indices": 29,
          "material": 0,
          "mode": 4
        }
      ]
    }
  ],
  "nodes": [
    {
      "children": [
        1
      ],
      "name": "RootNode (gltf orientation matrix)",
      "rotation": [
        -0.70710678118654746,
        -0,
        -0,
        0.70710678118654757
      ]
    },
    {
      "children": [
        2
      ],
      "matrix": [
        1,
        0,
        0,
        0,
        0,
        -0.040036454796791077,
        -0.99919819831848145,
        0,
        0,
        0.99919819831848145,
        -0.040036454796791077,
        0,
        0,
        -60.56585693359375,
        -85.152572631835938,
        1
      ],
      "name": "RootNode (model correction matrix)"
    },
    {
      "children": [
        3
      ],
      "matrix": [
        1,
        0,
        0,
        0,
        0,
        0,
        1,
        0,
        0,
        -1,
        0,
        0,
        0,
        0,
        0,
        1
      ],
      "name": "ff038694262240f5bb342d0516703e1a.fbx"
    },
    {
      "children": [
        4,
        6,
        8,
        10,
        12,
        14,
        16,
        18,
        20,
        22,
        24,
        26,
        28,
        30,
        32,
        34,
        36,
        38,
        40,
        42,
        44,
        46,
        48,
        50,
        52,
        54,
        56,
        58,
        60,
        62,
        64,
        66,
        68,
        70,
        72,
        74,
        76,
        78,
        80,
        82,
        84,
        86,
        88,
        90,
        92,
        94,
        96,
        98,
        100,
        102,
        104,
        106,
        108,
        110,
        112,
        114,
        116,
        118,
        120,
        122,
        124,
        126,
        128,
        130,
        132,
        134
      ],
      "name": "RootNode"
    },
    {
      "children": [
        5
      ],
      "matrix": [
        -0.018022280981673466,
        -0.57491342753394525,
        -0.81801573837511765,
        0,
        -0.033493605965464579,
        0.81803657961930498,
        -0.57419015383771477,
        0,
        0.99927642609422551,
        0.017050080525311151,
        -0.033998808897262922,
        0,
        0.23772884905338287,
        13.900758743286133,
        12.379637718200684,
        1
      ],
      "name": ""
    },
    {
      "name": ""
    },
    {
      "children": [
        7
      ],
      "matrix": [
        -0.27830749356341622,
        -0.5804587300790246,
        -0.7652532925126786,
        0,
        -0.2338409850889801,
        0.81370539308376311,
        -0.53216719831178427,
        0,
        0.93159182731444379,
        0.030841464644932093,
        -0.3621953496933541,
        0,
        4.7157535552978516,
        14.156905174255371,
        12.797406196594238,
        1
      ],
      "name": ""
    },
    {
      "name": ""
    },
    {
      "children": [
        9
      ],
      "matrix": [
        -0.46598194409618943,
        -0.58737678593519649,
        -0.66170185062516906,
        0,
        -0.38588071373832522,
        0.80790169653125354,
        -0.4454109602453929,
        0,
        0.79621410596719278,
        0.047784517224312151,
        -0.60312497657824027,
        0,
        7.0337390899658203,
        14.275066375732422,
        9.7681179046630859,
        1
      ],
      "name": ""
    },
    {
      "name": ""
    },
    {
      "children": [
        11
      ],
      "matrix": [
        -0.66653781965075054,
        -0.60808251863193141,
        -0.43123425827439843,
        0,
        -0.54721523720245391,
        0.79193781213438019,
        -0.2709058616665081,
        0,
        0.50624383368954318,
        0.055408954565647095,
        -0.86060852227087348,
        0,
        9.5731229782104492,
        14.424471855163574,
        6.4693212509155273,
        1
      ],
      "name": ""
    },
    {
      "name": ""
    },
    {
      "children": [
        13
      ],
      "matrix": [
        -0.76650433412906449,
        -0.62019377615883386,
        -0.16682561486536274,
        0,
        -0.61883882154177638,
        0.78270273749386443,
        -0.066444997346649437,
        0,
        0.17178363925049878,
        0.052307788458862338,
        -0.9837450261894074,
        0,
        11.245994567871094,
        14.623175621032715,
        3.0408227443695068,
        1
      ],
      "name": ""
    },
    {
      "name": ""
    },
    {
      "children": [
        15
      ],
      "matrix": [
        -0.76623122850400538,
        -0.634121346211172,
        0.10382592520451485,
        0,
        -0.62004444714286111,
        0.77206362508000237,
        0.13950857463120037,
        0,
        -0.16862558534382149,
        0.042519138133977924,
        -0.98476267946129892,
        0,
        11.576020240783691,
        14.787420272827148,
        -0.91531985998153687,
        1
      ],
      "name": ""
    },
    {
      "name": ""
    },
    {
      "children": [
        17
      ],
      "matrix": [
        -0.68728833178120841,
        -0.6471332021377505,
        0.32992933741688502,
        0,
        -0.56264229125903564,
        0.76155240783900457,
        0.32166998958777138,
        0,
        -0.45942181172010754,
        0.035447832170046434,
        -0.88751059154821266,
        0,
        10.761541366577148,
        15.022481918334961,
        -5.0131192207336426,
        1
      ],
      "name": ""
    },
    {
      "name": ""
    },
    {
      "children": [
        19
      ],
      "matrix": [
        -0.53331670919506946,
        -0.65602473263068084,
        0.53404572638509684,
        0,
        -0.44635555080812067,
        0.75451968652497536,
        0.48110993017088333,
        0,
        -0.71856802736840519,
        0.018209690362462311,
        -0.69521823711751285,
        0,
        8.4628505706787109,
        15.095086097717285,
        -8.0868368148803711,
        1
      ],
      "name": ""
    },
    {
      "name": ""
    },
    {
      "children": [
        21
      ],
      "matrix": [
        -0.35893052169281892,
        -0.65549424027632031,
        0.6644517902465843,
        0,
        -0.30172370850711927,
        0.75515333021469533,
        0.58198475202565758,
        0,
        -0.88325063505328538,
        0.0084112323844411363,
        -0.46882573185325827,
        0,
        5.1504292488098145,
        15.228335380554199,
        -10.389558792114258,
        1
      ],
      "name": ""
    },
    {
      "name": ""
    },
    {
      "children": [
        23
      ],
      "matrix": [
        -0.032505696598171152,
        -0.65422467404867923,
        0.75560138668120969,
        0,
        -0.053959849240596047,
        0.75604704168822978,
        0.65228920382327971,
        0,
        -0.99801388485261056,
        -0.019569021957561217,
        -0.059877700532207312,
        0,
        0.55980688333511353,
        15.276712417602539,
        -12.282175064086914,
        1
      ],
      "name": ""
    },
    {
      "name": ""
    },
    {
      "children": [
        25
      ],
      "matrix": [
        0.18732150741046383,
        -0.64936344207892738,
        0.73704665588609719,
        0,
        0.11736153957907619,
        0.75974887495050814,
        0.63953726712293002,
        0,
        -0.97526248871219312,
        -0.033298154646233813,
        0.21852759781788433,
        0,
        -2.9347009658813477,
        15.208971977233887,
        -12.031726837158203,
        1
      ],
      "name": ""
    },
    {
      "name": ""
    },
    {
      "children": [
        27
      ],
      "matrix": [
        0.28832123340172389,
        -0.64284185828104645,
        0.70966556321374341,
        0,
        0.19744042915671101,
        0.7651247586296599,
        0.61286326424930904,
        0,
        -0.93695685242391091,
        -0.036584818896306937,
        0.34752468649320722,
        0,
        -4.7227177619934082,
        15.106163024902344,
        -11.018259048461914,
        1
      ],
      "name": ""
    },
    {
      "name": ""
    },
    {
      "children": [
        29
      ],
      "matrix": [
        0.53709557915622741,
        0.19649173937847778,
        0.82031660668723339,
        0,
        -0.15329016531873216,
        0.97903395826238582,
        -0.13414407845909876,
        0,
        -0.8294760177771221,
        -0.053698276742419303,
        0.55595506203964185,
        0,
        -8.2667407989501953,
        1.7113629579544067,
        -12.976197242736816,
        1
      ],
      "name": ""
    },
    {
      "name": ""
    },
    {
      "children": [
        31
      ],
      "matrix": [
        0.77051120849224741,
        0.2114649682652561,
        0.60132773492031011,
        0,
        -0.20236811926762108,
        0.97571588183474411,
        -0.083819223567946896,
        0,
        -0.60444985060127387,
        -0.057105911533061091,
        0.79459379117639473,
        0,
        -13.639154434204102,
        1.5075340270996094,
        -10.587395668029785,
        1
      ],
      "name": ""
    },
    {
      "name": ""
    },
    {
      "children": [
        33
      ],
      "matrix": [
        0.92434748804928457,
        0.23168071400053014,
        0.3031596412736734,
        0,
        -0.2381815071241728,
        0.97109048827654487,
        -0.015900730891351921,
        0,
        -0.29807933675623238,
        -0.057509219600218292,
        0.95280711513922822,
        0,
        -16.189291000366211,
        1.200079083442688,
        -5.3400278091430664,
        1
      ],
      "name": ""
    },
    {
      "name": ""
    },
    {
      "children": [
        35
      ],
      "matrix": [
        0.96887122978970408,
        0.24563784999948746,
        0.030831586618528094,
        0,
        -0.24693740894325139,
        0.96775410598467781,
        0.049738379690037457,
        0,
        -0.017619765894583844,
        -0.055803557211222571,
        0.99828628501667493,
        0,
        -16.335893630981445,
        0.98422378301620483,
        -0.30795180797576904,
        1
      ],
      "name": ""
    },
    {
      "name": ""
    },
    {
      "children": [
        37
      ],
      "matrix": [
        0.91579946627010889,
        0.26787349719430803,
        -0.29925762660335792,
        0,
        -0.24107474382461319,
        0.96256845010934633,
        0.12387472197340314,
        0,
        0.32123870481198386,
        -0.041300948596634454,
        0.94609720757210636,
        0,
        -16.066694259643555,
        0.75194978713989258,
        5.3043642044067383,
        1
      ],
      "name": ""
    },
    {
      "name": ""
    },
    {
      "children": [
        39
      ],
      "matrix": [
        0.72589447777697469,
        0.26573080429835638,
        -0.63440077772638481,
        0,
        -0.17517366415160088,
        0.96336403867817122,
        0.2030859827003953,
        0,
        0.66512509689576105,
        -0.03628868458117103,
        0.74584967443230332,
        0,
        -12.74638557434082,
        0.44032055139541626,
        11.20395565032959,
        1
      ],
      "name": ""
    },
    {
      "name": ""
    },
    {
      "children": [
        41
      ],
      "matrix": [
        0.50812478536618677,
        0.27091115097879981,
        -0.81756733714838969,
        0,
        -0.12362361411107772,
        0.96235466657876856,
        0.24205515435161179,
        0,
        0.8523651826128763,
        -0.021923594354238032,
        0.52248727398847605,
        0,
        -9.4868745803833008,
        0.31720632314682007,
        15.237167358398438,
        1
      ],
      "name": ""
    },
    {
      "name": ""
    },
    {
      "children": [
        43
      ],
      "matrix": [
        0.3337996298412973,
        0.25386423162125432,
        -0.90781647871205939,
        0,
        -0.077240276866978833,
        0.9671808876489727,
        0.24206418610785363,
        0,
        0.93947418631238888,
        -0.010680939560511193,
        0.34245316582385299,
        0,
        -7.1886081695556641,
        0.092243492603302002,
        18.765880584716797,
        1
      ],
      "name": ""
    },
    {
      "name": ""
    },
    {
      "children": [
        45
      ],
      "matrix": [
        -0.11327371457682034,
        0.25234235742678285,
        -0.96098511967369327,
        0,
        0.015858282674516722,
        0.9675462313099088,
        0.25219596576592485,
        0,
        0.99343725542008132,
        0.01332760016980522,
        -0.11359927208010467,
        0,
        1.8345489501953125,
        0.38212782144546509,
        16.509449005126953,
        1
      ],
      "name": ""
    },
    {
      "name": ""
    },
    {
      "children": [
        47
      ],
      "matrix": [
        -0.28684718002989529,
        0.24254685005030779,
        -0.92676303381154068,
        0,
        0.050436878986897152,
        0.96989939951611592,
        0.23822526326218812,
        0,
        0.95664769719419618,
        0.021591209992755697,
        -0.29044621378852709,
        0,
        5.1023154258728027,
        0.38661709427833557,
        16.058523178100586,
        1
      ],
      "name": ""
    },
    {
      "name": ""
    },
    {
      "children": [
        49
      ],
      "matrix": [
        -0.50186382486131831,
        0.23868182270221877,
        -0.83136254955772138,
        0,
        0.095363357504474069,
        0.97058119131106912,
        0.22108365185752571,
        0,
        0.85967350275615806,
        0.031672363106221915,
        -0.50986108899799931,
        0,
        9.1023788452148438,
        0.60023820400238037,
        14.506226539611816,
        1
      ],
      "name": ""
    },
    {
      "name": ""
    },
    {
      "children": [
        51
      ],
      "matrix": [
        -0.69078660421273264,
        0.2317088859572036,
        -0.68492690092353103,
        0,
        0.13529649217491255,
        0.9719538500318905,
        0.19235532904848052,
        0,
        0.71028777734479198,
        0.04020827746443506,
        -0.70276209899078768,
        0,
        12.737926483154297,
        0.74824070930480957,
        12.557344436645508,
        1
      ],
      "name": ""
    },
    {
      "name": ""
    },
    {
      "children": [
        53
      ],
      "matrix": [
        -0.85149031458548197,
        0.21708999843468413,
        -0.47732187960195743,
        0,
        0.16698955918724218,
        0.9751467249688589,
        0.14561370781955682,
        0,
        0.49707014725244486,
        0.044280891614076161,
        -0.86657975475330296,
        0,
        15.154221534729004,
        1.0136315822601318,
        8.5158681869506836,
        1
      ],
      "name": ""
    },
    {
      "name": ""
    },
    {
      "children": [
        55
      ],
      "matrix": [
        -0.95964477891432165,
        0.19958934706149614,
        -0.19810600910131032,
        0,
        0.18539310093564629,
        0.97871766502209312,
        0.087983693370801322,
        0,
        0.21145045856641709,
        0.047705604631610818,
        -0.97622378523511943,
        0,
        14.713546752929688,
        1.3652466535568237,
        3.1132638454437256,
        1
      ],
      "name": ""
    },
    {
      "name": ""
    },
    {
      "children": [
        57
      ],
      "matrix": [
        -0.97897832361272097,
        0.20083468974247592,
        0.035593107373056335,
        0,
        0.20209727714553816,
        0.97869062222488146,
        0.036350468214782501,
        0,
        -0.02753420539594394,
        0.042779590520688741,
        -0.99870504863452858,
        0,
        14.066929817199707,
        1.5801997184753418,
        -0.34631156921386719,
        1
      ],
      "name": ""
    },
    {
      "name": ""
    },
    {
      "children": [
        59
      ],
      "matrix": [
        -0.88824478495530457,
        0.17920013031206922,
        0.42297578570864153,
        0,
        0.17575889134367106,
        0.98328696819776829,
        -0.047492634019232226,
        0,
        -0.42441726415562891,
        0.03215667066999512,
        -0.90489553784847088,
        0,
        13.294532775878906,
        1.8836681842803955,
        -6.1953749656677246,
        1
      ],
      "name": ""
    },
    {
      "name": ""
    },
    {
      "children": [
        61
      ],
      "matrix": [
        -0.68534505151796665,
        0.16896251831022788,
        0.70834583909704829,
        0,
        0.11602174768105725,
        0.98562042987470189,
        -0.12284674305263792,
        0,
        -0.71891662550317248,
        -0.0020088852315800487,
        -0.69509341095658339,
        0,
        11.091012001037598,
        1.9432655572891235,
        -11.554656982421875,
        1
      ],
      "name": ""
    },
    {
      "name": ""
    },
    {
      "children": [
        63
      ],
      "matrix": [
        -0.47777937232558876,
        0.16598611973899563,
        0.86265606091544833,
        0,
        0.075285730305734405,
        0.98611111144607055,
        -0.14804369184442728,
        0,
        -0.87524792498611403,
        -0.0057865306175057113,
        -0.4836399341151576,
        0,
        7.6005215644836426,
        2.092482328414917,
        -13.94056510925293,
        1
      ],
      "name": ""
    },
    {
      "name": ""
    },
    {
      "children": [
        65
      ],
      "matrix": [
        -0.2113852062186885,
        0.16126990762366097,
        0.96400638560485619,
        0,
        0.018332883558951601,
        0.98677452350054762,
        -0.16105882512511138,
        0,
        -0.97723088365661925,
        -0.016372436145031685,
        -0.21154607857953867,
        0,
        2.9109094142913818,
        2.0154438018798828,
        -13.499438285827637,
        1
      ],
      "name": ""
    },
    {
      "name": ""
    },
    {
      "children": [
        67
      ],
      "matrix": [
        0.11632114663517235,
        0.16015516247542422,
        0.98021411680201243,
        0,
        -0.055741274655650513,
        0.98641082871728636,
        -0.15455286244207708,
        0,
        -0.99164625807050877,
        -0.036660618130996407,
        0.1236676915488083,
        0,
        -1.8144810199737549,
        1.9382295608520508,
        -14.567452430725098,
        1
      ],
      "name": ""
    },
    {
      "name": ""
    },
    {
      "children": [
        69
      ],
      "matrix": [
        0.3299384631411858,
        0.16879225340421367,
        0.92878941947610505,
        0,
        -0.10030395649949092,
        0.98458321856487296,
        -0.14330039089613045,
        0,
        -0.93865847188984586,
        -0.045880942788518196,
        0.3417824048108038,
        0,
        -5.0314135551452637,
        1.8539437055587769,
        -14.27430534362793,
        1
      ],
      "name": ""
    },
    {
      "name": ""
    },
    {
      "children": [
        71
      ],
      "matrix": [
        0.48896458497622131,
        -0.30896392454277349,
        0.81575420806156984,
        0,
        0.12637865889646616,
        0.95039695774016242,
        0.28420777134655295,
        0,
        -0.86310026602623768,
        -0.035873612159514026,
        0.50375690043518651,
        0,
        -8.5903739929199219,
        10.136326789855957,
        -14.134393692016602,
        1
      ],
      "name": ""
    },
    {
      "name": ""
    },
    {
      "children": [
        73
      ],
      "matrix": [
        0.74767067609430504,
        -0.32882982048908771,
        0.57693977958344944,
        0,
        0.23152013693784099,
        0.94335882924330094,
        0.23763952844800867,
        0,
        -0.62240419849240114,
        -0.044102930127406473,
        0.78145245872875013,
        0,
        -11.334565162658691,
        9.7034187316894531,
        -8.7733926773071289,
        1
      ],
      "name": ""
    },
    {
      "name": ""
    },
    {
      "children": [
        75
      ],
      "matrix": [
        0.91569555545415549,
        -0.31320599786185721,
        0.25180081934907206,
        0,
        0.28913169396866345,
        0.94862461824237687,
        0.12850757645880581,
        0,
        -0.27911379984572038,
        -0.044870219164418919,
        0.9592091274418838,
        0,
        -13.960570335388184,
        9.3876628875732422,
        -3.818361759185791,
        1
      ],
      "name": ""
    },
    {
      "name": ""
    },
    {
      "children": [
        77
      ],
      "matrix": [
        0.95500805011793988,
        -0.29383123839493525,
        0.04028433384368213,
        0,
        0.29173162253215729,
        0.95514979281197565,
        0.05080879555741271,
        0,
        -0.053406784444351096,
        -0.036770594699281269,
        0.99789560513150666,
        0,
        -14.866637229919434,
        9.156794548034668,
        -0.1592114269733429,
        1
      ],
      "name": ""
    },
    {
      "name": ""
    },
    {
      "children": [
        79
      ],
      "matrix": [
        0.9360516803519342,
        -0.28352860847739764,
        -0.20837173485190111,
        0,
        0.28423524784412707,
        0.95836887535771453,
        -0.027192326648836945,
        0,
        0.20740678772235996,
        -0.033773168647018327,
        0.97767162047705569,
        0,
        -13.796629905700684,
        8.8774175643920898,
        3.5714409351348877,
        1
      ],
      "name": ""
    },
    {
      "name": ""
    },
    {
      "children": [
        81
      ],
      "matrix": [
        0.79635799736506963,
        -0.27649996394686205,
        -0.53792351684052597,
        0,
        0.24546287863498262,
        0.96059954271651182,
        -0.13037060153675806,
        0,
        0.5527765509181114,
        -0.028218583774036951,
        0.8328516052003887,
        0,
        -11.536290168762207,
        8.7925605773925781,
        8.2193613052368164,
        1
      ],
      "name": ""
    },
    {
      "name": ""
    },
    {
      "children": [
        83
      ],
      "matrix": [
        0.44461895916202165,
        -0.26646971383064455,
        -0.8551654066697828,
        0,
        0.12629401261528386,
        0.96383632716486023,
        -0.23466861062971955,
        0,
        0.88677156220258391,
        -0.0036641572519242466,
        0.46219343398670443,
        0,
        -6.6712298393249512,
        8.6289119720458984,
        12.845660209655762,
        1
      ],
      "name": ""
    },
    {
      "name": ""
    },
    {
      "children": [
        85
      ],
      "matrix": [
        0.13545342806607041,
        -0.26331822718477127,
        -0.95515228108266537,
        0,
        0.022863634932552251,
        0.964611132898473,
        -0.26268349108003602,
        0,
        0.9905198751276123,
        0.013743126303485301,
        0.13668029651923352,
        0,
        -2.0417032241821289,
        8.629119873046875,
        14.238760948181152,
        1
      ],
      "name": ""
    },
    {
      "name": ""
    },
    {
      "children": [
        87
      ],
      "matrix": [
        -0.10673107296071471,
        -0.26588754935940051,
        -0.95807739205155384,
        0,
        -0.057947533951667213,
        0.9636070053607998,
        -0.26096670770140767,
        0,
        0.99259788503380098,
        0.027664965484235748,
        -0.11825433738844882,
        0,
        1.5076704025268555,
        8.6626319885253906,
        14.541759490966797,
        1
      ],
      "name": ""
    },
    {
      "name": ""
    },
    {
      "children": [
        89
      ],
      "matrix": [
        -0.39530779476103861,
        -0.27125871529495876,
        -0.87758216525730093,
        0,
        -0.15130387788281632,
        0.96157962452161927,
        -0.22906715662111754,
        0,
        0.90600159157629856,
        0.042229552228152792,
        -0.42116241639042684,
        0,
        6.0696201324462891,
        8.8470993041992188,
        13.388890266418457,
        1
      ],
      "name": ""
    },
    {
      "name": ""
    },
    {
      "children": [
        91
      ],
      "matrix": [
        -0.64162546640049212,
        -0.28723618149300223,
        -0.71120470815909997,
        0,
        -0.2363468209533853,
        0.95615468013839378,
        -0.17294047494636522,
        0,
        0.72969647189196407,
        0.057127958923499242,
        -0.68138055095347094,
        0,
        9.8798055648803711,
        9.1005926132202148,
        10.797632217407227,
        1
      ],
      "name": ""
    },
    {
      "name": ""
    },
    {
      "children": [
        93
      ],
      "matrix": [
        -0.78293096558281428,
        -0.29735915417147507,
        -0.54643996610971568,
        0,
        -0.27972380737473812,
        0.95283540366771513,
        -0.11772546498172257,
        0,
        0.55567409037973214,
        0.0606813558501067,
        -0.82918277739763169,
        0,
        11.931666374206543,
        9.2235813140869141,
        8.5002994537353516,
        1
      ],
      "name": ""
    },
    {
      "name": ""
    },
    {
      "children": [
        95
      ],
      "matrix": [
        -0.87278580982123866,
        -0.31276084646472635,
        -0.37473401646148013,
        0,
        -0.3143023859686076,
        0.94750206856015262,
        -0.058769381897993828,
        0,
        0.37344201738573207,
        0.066486712904908513,
        -0.92526784049699651,
        0,
        12.736326217651367,
        9.2559070587158203,
        5.7263913154602051,
        1
      ],
      "name": ""
    },
    {
      "name": ""
    },
    {
      "children": [
        97
      ],
      "matrix": [
        -0.94408758881742161,
        -0.29968262867897527,
        -0.13743706453852303,
        0,
        -0.30510515952231249,
        0.95211390600183776,
        0.019747192985023393,
        0,
        0.124937849644417,
        0.060575837311447472,
        -0.99031363802597694,
        0,
        15.066303253173828,
        9.5936088562011719,
        2.7484478950500488,
        1
      ],
      "name": ""
    },
    {
      "name": ""
    },
    {
      "children": [
        99
      ],
      "matrix": [
        -0.92342560691340592,
        -0.32345615137971123,
        0.20654603997954898,
        0,
        -0.30264051757710336,
        0.94469083148094191,
        0.12636435429546433,
        0,
        -0.23599547795936918,
        0.054178880114597996,
        -0.97024264147287265,
        0,
        14.377096176147461,
        9.849675178527832,
        -3.000748872756958,
        1
      ],
      "name": ""
    },
    {
      "name": ""
    },
    {
      "children": [
        101
      ],
      "matrix": [
        -0.82679506571063355,
        -0.33377441334557711,
        0.45277429290140364,
        0,
        -0.27104241792298434,
        0.94171535349502622,
        0.19926916640112713,
        0,
        -0.49289545240650429,
        0.042033724407357045,
        -0.86907263160764336,
        0,
        13.508857727050781,
        10.045351982116699,
        -6.9359416961669922,
        1
      ],
      "name": ""
    },
    {
